-0.0122291 -0.0780282 0.996876
-0.289665 0.0791484 0.95385
-0.224085 -0.0583784 0.97282
0.0800397 0.0522957 0.995419
0.0248933 -0.229804 0.972918
0.00529821 0.222531 0.974911
-0.265315 -0.170518 0.948964
0.134756 -0.277593 0.951201
0.164695 0.0607 0.984475
0.209794 0.220162 0.952636
-0.170271 0.247263 0.95387
-0.215325 0.328787 0.919529
-0.126738 -0.301405 0.945036
0.153863 -0.464902 0.87189
0.295624 -0.179474 0.938294
0.303423 -0.0576016 0.951113
0.374172 0.239908 0.89579
-0.416938 0.224891 0.880674
0.41795 -0.264111 0.869232
0.447356 0.0598446 0.892352
0.44265 0.360767 0.820919
-0.381606 0.0983206 0.919081
-0.17275 -0.447218 0.877584
-0.0846519 -0.545703 0.833692
0.0800437 -0.534088 0.841631
0.606965 -0.112409 0.786738
0.101172 0.29901 0.948872
0.0939731 0.454234 0.885912
-0.146871 0.486843 0.861053
-0.379312 0.472773 0.795367
-0.340625 0.328969 0.880769
-0.509916 -0.0135498 0.860118
-0.412173 -0.227275 0.882304
-0.379237 -0.428905 0.81989
-0.431602 -0.484673 0.760797
0.547398 -0.222304 0.806806
0.64412 0.156627 0.748717
0.563457 0.0311678 0.825557
-0.0257695 0.524519 0.851009
-0.292368 0.652449 0.699164
-0.285705 0.552663 0.782902
-0.518371 -0.14235 0.843225
-0.135745 -0.697563 0.703547
0.177028 -0.682259 0.709354
0.281259 -0.501162 0.818371
0.387669 -0.436031 0.812151
0.578248 0.335957 0.74348
0.154268 0.498322 0.853157
-0.578272 0.221305 0.785255
0.0846445 -0.759251 0.645269
0.236719 -0.665659 0.707716
0.60409 -0.370293 0.705661
0.71923 -0.122957 0.683806
0.766759 0.114725 0.6316
0.629565 0.413741 0.657621
0.378812 0.463947 0.800784
-0.626005 0.10896 0.772169
-0.746635 0.00525 0.665213
-0.613874 -0.181656 0.768219
-0.380874 -0.619453 0.686449
-0.171067 -0.708187 0.684987
0.78556 -0.0151379 0.6186
0.816639 0.241855 0.524029
0.0920094 0.638112 0.764426
0.0314958 0.641058 0.766846
-0.0514715 0.738248 0.672563
-0.209846 0.727589 0.65313
-0.521779 0.484308 0.702277
-0.620716 0.356424 0.698336
-0.73206 0.0632121 0.678301
-0.579896 -0.441469 0.684708
-0.63435 -0.530591 0.562203
-0.563958 -0.649878 0.509518
0.523074 -0.462142 0.716113
0.677942 -0.358397 0.641831
0.745201 -0.24154 0.621558
0.585994 0.524141 0.61797
0.426245 0.601012 0.676092
-0.415765 0.666349 0.618965
-0.648265 -0.293659 0.702508
-0.828804 -0.0549298 0.556836
-0.80934 -0.248355 0.532249
-0.459576 -0.687998 0.561648
-0.206348 -0.804679 0.556698
0.380667 -0.706686 0.596396
0.522721 -0.597607 0.607971
0.644202 -0.575693 0.503569
0.774138 0.352059 0.526084
0.451853 0.605096 0.655506
0.199914 0.711735 0.6734
0.0296182 0.81878 0.573342
-0.39547 0.747333 0.533945
-0.631395 0.564134 0.532064
-0.72274 0.342086 0.60052
-0.733029 0.439792 0.518895
-0.795895 0.197298 0.572385
0.0975506 -0.833237 0.544242
0.705891 -0.491294 0.510244
0.846667 -0.209781 0.489025
0.730192 0.5449 0.412194
0.635661 0.588921 0.499107
-0.277914 0.797487 0.535518
-0.821845 -0.279675 0.496338
-0.366239 -0.789879 0.491895
-0.115862 -0.880021 0.460586
0.87141 -0.115345 0.476802
0.795422 0.437385 0.419521
0.550529 0.688665 0.471868
0.481041 0.704287 0.522091
0.377268 0.810921 0.447298
0.256726 0.845282 0.468604
0.161367 0.806401 0.568927
-0.852512 0.171792 0.49367
-0.887687 0.0251302 0.459762
-0.745924 -0.473409 0.468489
-0.60382 -0.704418 0.373091
-0.013509 -0.889163 0.457391
0.780162 -0.456647 0.427575
0.90844 -0.259997 0.32732
0.86282 -0.280162 0.420774
0.871844 0.225878 0.434589
0.881199 0.351692 0.315912
0.863034 0.392083 0.318501
-0.069789 0.889689 0.451201
-0.0381938 0.945322 0.323894
-0.230464 0.857831 0.459362
-0.886789 -0.267866 0.376634
-0.875597 -0.411682 0.25268
-0.394037 -0.861611 0.31994
0.651333 -0.655441 0.382312
0.946452 -0.155049 0.283176
0.936277 -0.0598771 0.34612
0.944458 -0.00150066 0.32863
-0.286968 0.898895 0.331115
-0.522692 0.774426 0.356451
-0.624218 0.690805 0.364883
-0.823523 0.430882 0.368985
-0.885878 0.324127 0.331906
-0.787266 -0.530333 0.314579
-0.74679 -0.609807 0.265407
-0.468278 -0.841323 0.269985
0.0579792 -0.961298 0.269339
0.260075 -0.933459 0.247011
0.347134 -0.840331 0.416344
0.342707 -0.842785 0.415048
0.770486 -0.582493 0.258945
0.799278 -0.532235 0.279071
0.889961 -0.409531 0.200632
0.73073 0.618899 0.288093
0.554257 0.760269 0.338805
0.438219 0.829833 0.345458
-0.203404 0.948883 0.241347
-0.484894 0.82823 0.280914
-0.927193 0.294491 0.231492
-0.946682 -0.0306289 0.32071
-0.262458 -0.922405 0.283347
-0.226994 -0.954912 0.191354
-0.0280955 -0.984504 0.173098
0.51732 -0.797236 0.311119
0.978404 -0.171785 0.114961
0.944598 0.279746 0.171689
0.850743 0.503796 0.149754
0.619942 0.737326 0.268369
0.327592 0.923532 0.199431
0.218309 0.941679 0.256088
0.126381 0.967435 0.219313
-0.749475 0.62216 0.226283
-0.928182 0.349964 0.126503
-0.9478 -0.132805 0.289893
0.298898 -0.945326 0.130455
0.980828 0.066136 0.183308
0.804393 0.572527 0.158633
-0.216439 0.967288 0.132317
-0.969196 -0.183876 0.163854
-0.908893 -0.38855 0.151467
-0.895838 -0.443842 0.0218649
-0.294043 -0.953658 0.0638389
0.559954 -0.823965 0.0867889
0.752172 -0.650495 0.105328
0.995519 -0.0910198 0.0256424
0.940816 0.335656 0.0468977
0.737271 0.673773 0.0496115
0.62669 0.768522 0.128972
-0.374211 0.926625 0.0365091
-0.758203 0.635992 0.143671
-0.833519 0.549055 0.061526
-0.976902 0.0558234 0.206269
-0.989314 -0.133488 0.0586405
-0.842182 -0.539134 -0.00801433
-0.75978 -0.638779 0.121229
-0.670792 -0.740743 0.0365721
-0.486607 -0.86076 0.149353
0.0252002 -0.999351 -0.0257544
0.113299 -0.992315 -0.0497489
0.917576 -0.387225 0.090063
0.998974 0.00279224 0.0452076
0.901407 0.432126 0.0270812
0.529245 0.847776 0.0342888
0.36311 0.927947 0.0840543
0.101716 0.993499 0.0511208
-0.149393 0.985 -0.0863482
-0.102873 0.994646 0.00982844
-0.518866 0.844389 0.133362
-0.64379 0.763818 0.0460067
-0.949884 -0.290177 -0.116263
-0.38097 -0.923739 0.0396075
-0.129245 -0.985311 -0.111618
0.964829 0.203013 -0.167005
0.976781 0.19306 -0.0928773
0.144391 0.989508 0.00509905
-0.842562 0.523163 -0.128025
-0.959158 0.277048 -0.0570985
-0.998634 -0.00636259 0.0518567
-0.992985 0.0830006 -0.0842141
-0.679042 -0.724608 -0.117664
0.42939 -0.901899 0.0469432
0.817459 -0.574952 -0.0345243
0.896269 -0.443344 -0.0121332
0.912956 -0.369645 -0.172842
0.880064 0.463896 -0.101424
-0.913417 0.365408 -0.179292
-0.419612 -0.898221 -0.130866
0.183569 -0.96927 -0.163765
0.355474 -0.923479 -0.144312
0.549105 -0.832877 0.0692796
0.968637 -0.168368 -0.182743
0.912768 0.343882 -0.220453
0.772576 0.614558 -0.159515
0.73202 0.674752 -0.0941122
0.568578 0.814553 -0.114987
0.311415 0.950192 0.0124365
0.112305 0.974011 -0.196697
-0.35006 0.934852 -0.0592443
-0.893496 0.349312 -0.282215
-0.970517 0.0480552 -0.236193
-0.944663 -0.121147 -0.304852
-0.938194 -0.2836 -0.198402
-0.790772 -0.590925 -0.159646
-0.590592 -0.779269 -0.209622
0.14531 -0.934821 -0.324027
0.413447 -0.874389 -0.253979
0.78539 -0.597286 -0.162514
0.860531 -0.43969 -0.257214
-0.00824242 0.965599 -0.259905
-0.118926 0.972183 -0.201785
-0.402728 0.891946 -0.205531
-0.633442 0.755474 -0.167366
-0.49246 0.833631 -0.250085
-0.793019 -0.579499 -0.187886
-0.324531 -0.909432 -0.260026
-0.169137 -0.953107 -0.250956
0.29714 -0.87844 -0.374235
0.544111 -0.798487 -0.257606
0.610354 -0.77213 -0.17687
0.712316 -0.666769 -0.219146
0.955884 -0.104409 -0.274564
0.952114 0.0856137 -0.293511
0.867983 0.349567 -0.352716
0.499107 0.840488 -0.210883
0.37153 0.911275 -0.177605
0.264113 0.923905 -0.276845
-0.299368 0.905274 -0.301427
-0.691665 0.685743 -0.226618
-0.823606 0.540969 -0.170368
-0.85201 0.416778 -0.316821
-0.911695 0.195769 -0.36123
-0.585353 -0.77314 -0.244165
-0.0965469 -0.931549 -0.350563
0.0597407 -0.925015 -0.375204
0.921096 0.108173 -0.374007
0.715457 0.5996 -0.358611
0.626925 0.663599 -0.408167
0.506493 0.80046 -0.320512
-0.864852 0.176824 -0.469856
-0.891683 -0.367531 -0.264241
-0.370583 -0.86824 -0.32989
0.659756 -0.651151 -0.375133
0.893007 -0.13918 -0.42798
0.874903 -0.0411897 -0.482543
0.866756 0.263775 -0.423269
0.793777 0.29073 -0.534222
0.769387 0.471788 -0.43065
0.274887 0.876365 -0.395502
-0.00701814 0.892032 -0.451918
-0.311325 0.873051 -0.375311
-0.669991 0.625786 -0.399379
-0.795347 0.439446 -0.417504
-0.699314 -0.625725 -0.345585
-0.638764 -0.684785 -0.350786
-0.491337 -0.679384 -0.545
0.707404 -0.532513 -0.464768
0.815031 -0.414799 -0.404556
0.829334 -0.282681 -0.481971
0.730911 0.417245 -0.54007
0.377333 0.820105 -0.430172
-0.168801 0.844143 -0.50885
-0.441513 0.810469 -0.384976
-0.827769 -0.340676 -0.445801
-0.715961 -0.494584 -0.492733
-0.331804 -0.802305 -0.496199
-0.292298 -0.801533 -0.521638
-0.0305338 -0.796326 -0.604097
-0.162439 -0.85396 -0.494334
0.321836 -0.788429 -0.524215
0.197155 -0.765182 -0.612884
0.588492 -0.706612 -0.392908
0.538836 0.627802 -0.561712
0.11725 0.853199 -0.508237
-0.833411 0.221443 -0.506349
-0.784541 0.399048 -0.474612
-0.885196 -0.124525 -0.448242
-0.846754 0.0176213 -0.531692
-0.827761 -0.256942 -0.498791
-0.619194 -0.487389 -0.61567
-0.492227 -0.61546 -0.615566
0.0767014 -0.814137 -0.575585
0.633986 0.448888 -0.629731
0.552109 0.538815 -0.636281
0.395782 0.723494 -0.565609
-0.200903 0.755494 -0.623591
-0.358747 0.688521 -0.630269
-0.486753 0.719808 -0.494921
-0.713086 -0.246364 -0.656364
0.474809 -0.699599 -0.533964
0.499408 -0.593419 -0.631226
0.610148 -0.503635 -0.611614
0.409457 0.516012 -0.752381
0.140506 0.770918 -0.621243
-0.56955 0.653367 -0.498723
-0.635497 0.441547 -0.633387
-0.762403 0.0147248 -0.646935
-0.692483 -0.147141 -0.706269
0.622488 -0.373572 -0.687716
0.720276 -0.254717 -0.645229
0.700838 -0.0907724 -0.707521
0.750585 -0.0063488 -0.660743
0.713417 0.112844 -0.691595
0.586863 0.291054 -0.755565
-0.38798 0.582248 -0.714464
-0.727171 0.183274 -0.661538
-0.716616 0.133229 -0.684625
-0.38423 -0.599627 -0.702007
-0.277351 -0.684108 -0.674591
-0.114274 -0.678843 -0.725337
0.221545 -0.626142 -0.747572
0.673787 0.127037 -0.727923
0.499776 0.293315 -0.814979
0.331634 0.568106 -0.753176
0.307753 0.69927 -0.64522
-0.570726 0.516876 -0.638053
-0.491188 0.511108 -0.705339
-0.623886 0.321009 -0.712545
-0.382141 -0.496358 -0.779485
0.111705 -0.569595 -0.814299
0.368935 -0.54958 -0.749566
-0.10261 0.694107 -0.712521
-0.463036 -0.215311 -0.85979
-0.055223 -0.596851 -0.80045
0.389835 -0.417684 -0.820712
0.500439 -0.331907 -0.799624
0.313754 0.35653 -0.880026
0.407407 0.378145 -0.831279
0.0685078 0.561862 -0.824389
0.0150254 0.693834 -0.719978
-0.262594 0.513929 -0.816653
-0.163425 0.543252 -0.82351
-0.47909 0.3565 -0.80211
-0.543215 0.298598 -0.784702
0.482972 -0.175735 -0.85782
0.221778 0.41066 -0.884405
0.199807 0.511866 -0.835506
-0.515483 -0.131163 -0.846802
-0.266537 -0.430983 -0.862097
-0.137944 -0.465792 -0.874076
0.586568 -0.0497613 -0.80837
0.575725 0.0137192 -0.817529
0.471745 0.0937471 -0.876737
-0.0578333 0.49414 -0.867457
-0.558571 0.170649 -0.811713
-0.459026 0.0523157 -0.886881
-0.33281 -0.231133 -0.914229
-0.351472 0.349276 -0.868605
-0.302504 0.267574 -0.91482
-0.283787 -0.0184171 -0.958711
0.148053 -0.376001 -0.914715
0.255902 -0.33129 -0.908164
0.407065 0.0830797 -0.909613
0.291005 0.210771 -0.933216
-0.0270294 0.331615 -0.943028
0.0757725 0.309563 -0.947855
-0.395699 0.0685865 -0.915816
-0.266388 -0.159408 -0.950593
0.0116877 -0.324792 -0.945713
0.333811 -0.154852 -0.929834
-0.134667 0.248789 -0.95915
0.0936413 -0.0145079 -0.9955
0.309776 -0.0997063 -0.945567
0.15619 0.195023 -0.968282
-0.0371038 -0.202488 -0.978582
-0.115907 0.0736003 -0.990529
0.0448769 -0.0313546 -0.9985
-0.527741 0.567783 0.631753
-0.612501 -0.393596 -0.68551
-0.509959 -0.379018 -0.772197
